E029 vs E030
  fold pop                         n    corr    rmse1    rmse2        amb  rmse_bl
  R1   all                    183950  0.9605   443.40   450.10    15796.7   442.32
  R1   bulk                   183644  0.8597   222.02   231.87    14511.4   218.86
  R1   NM_present_excl_LIRF   166986  0.9089   213.39   217.82     8478.8   210.64
  R2   all                    185674  0.9219   269.69   276.10    11666.1   267.52
  R2   bulk                   185361  0.8922   213.63   220.24    10184.4   211.01
  R2   NM_present_excl_LIRF   169734  0.9055   208.35   212.80     8402.9   205.54
  R3   all                    162332  0.9684   395.95   398.14     9949.8   393.90
  R3   bulk                   162109  0.8955   205.49   209.38     9003.6   201.95
  R3   NM_present_excl_LIRF   149700  0.9040   201.50   205.43     7950.3   198.53
  S1   all                    190713  0.9805   632.30   632.05    15560.1   629.09
  S1   bulk                   190057  0.8925   248.05   250.85    13351.0   242.67
  S1   NM_present_excl_LIRF   171901  0.9127   243.29   243.98    10357.5   238.27
  W1   all                    143732  0.9753   470.94   476.11    11094.0   470.59
  W1   bulk                   142969  0.9033   209.81   217.90     8891.1   208.63
  W1   NM_present_excl_LIRF   131977  0.9259   230.06   239.66     8216.0   230.50
  S1c  all                    190713  0.9757   637.23   635.91    19739.2   632.68
  S1c  bulk                   190057  0.8649   257.39   257.40    17850.1   248.57
  S1c  NM_present_excl_LIRF   171901  0.9027   249.29   247.12    11976.4   242.10
  W1c  all                    143732  0.9518   486.95   494.66    23201.2   484.87
  W1c  bulk                   142969  0.8119   232.78   246.43    21726.0   228.09
  W1c  NM_present_excl_LIRF   131977  0.9064   256.08   257.60    12271.0   250.80
E029 vs E036
  fold pop                         n    corr    rmse1    rmse2        amb  rmse_bl
  R1   all                    183950  0.9696   443.40   445.06    12011.9   440.83
  R1   bulk                   183644  0.8857   222.02   224.14    11356.4   216.63
  R1   NM_present_excl_LIRF   166986  0.9136   213.39   217.00     8013.9   210.50
  R2   all                    185674  0.9284   269.69   272.24    10522.5   266.07
  R2   bulk                   185361  0.9003   213.63   218.31     9317.4   210.52
  R2   NM_present_excl_LIRF   169734  0.9133   208.35   210.79     7625.2   204.98
  R3   all                    162332  0.9710   395.95   397.22     9134.4   393.69
  R3   bulk                   162109  0.9008   205.49   208.21     8497.1   201.65
  R3   NM_present_excl_LIRF   149700  0.9094   201.50   204.82     7482.9   198.51
  S1   all                    190713  0.9819   632.30   632.22    14454.4   629.40
  S1   bulk                   190057  0.8971   248.05   250.90    12792.0   242.98
  S1   NM_present_excl_LIRF   171901  0.9183   243.29   244.35     9708.6   238.79
  W1   all                    143732  0.9744   470.94   475.56    11480.0   470.21
  W1   bulk                   142969  0.9062   209.81   217.39     8594.3   208.54
  W1   NM_present_excl_LIRF   131977  0.9288   230.06   242.94     8082.6   232.28
  S1c  all                    190713  0.9775   637.23   635.34    18262.2   632.69
  S1c  bulk                   190057  0.8716   257.39   256.08    16884.0   248.38
  S1c  NM_present_excl_LIRF   171901  0.9072   249.29   248.18    11476.9   242.90
  W1c  all                    143732  0.9488   486.95   492.89    24537.4   483.63
  W1c  bulk                   142969  0.7973   232.78   245.37    23291.4   226.66
  W1c  NM_present_excl_LIRF   131977  0.9045   256.08   254.19    12364.4   249.01
E029 vs E038
  fold pop                         n    corr    rmse1    rmse2        amb  rmse_bl
  R1   all                    183950  0.9927   443.40   442.70     2885.4   442.23
  R1   bulk                   183644  0.9713   222.02   220.51     2811.0   219.68
  R1   NM_present_excl_LIRF   166986  0.9770   213.39   213.61     2097.8   212.27
  R2   all                    185674  0.9834   269.69   269.76     2411.6   268.60
  R2   bulk                   185361  0.9748   213.63   212.75     2295.1   211.84
  R2   NM_present_excl_LIRF   169734  0.9787   208.35   207.90     1841.9   207.02
  R3   all                    162332  0.9924   395.95   395.27     2377.6   394.86
  R3   bulk                   162109  0.9725   205.49   204.33     2312.1   203.50
  R3   NM_present_excl_LIRF   149700  0.9766   201.50   201.26     1894.0   200.20
  S1   all                    190713  0.9956   632.30   632.66     3517.0   631.78
  S1   bulk                   190057  0.9723   248.05   247.53     3389.4   246.08
  S1   NM_present_excl_LIRF   171901  0.9797   243.29   242.84     2398.3   241.83
  W1   all                    143732  0.9945   470.94   469.76     2422.1   469.71
  W1   bulk                   142969  0.9755   209.81   208.92     2148.7   208.08
  W1   NM_present_excl_LIRF   131977  0.9796   230.06   227.48     2129.5   227.61
  S1c  all                    190713  0.9942   637.23   636.98     4693.4   636.18
  S1c  bulk                   190057  0.9656   257.39   257.84     4559.1   255.39
  S1c  NM_present_excl_LIRF   171901  0.9740   249.29   248.21     3214.9   247.13
  W1c  all                    143732  0.9913   486.95   486.71     4106.5   485.78
  W1c  bulk                   142969  0.9647   232.78   232.17     3809.9   230.41
  W1c  NM_present_excl_LIRF   131977  0.9722   256.08   253.77     3601.6   253.15
E029 vs E031
  fold pop                         n    corr    rmse1    rmse2        amb  rmse_bl
  R1   all                    183950  0.9753   443.40   441.87     9700.1   439.89
  R1   bulk                   183644  0.9048   222.02   218.87     9248.2   215.15
  R1   NM_present_excl_LIRF   166986  0.9265   213.39   213.50     6696.9   209.49
  R2   all                    185674  0.9446   269.69   267.57     8005.8   264.88
  R2   bulk                   185361  0.9198   213.63   213.06     7308.4   209.02
  R2   NM_present_excl_LIRF   169734  0.9294   208.35   206.81     6087.2   203.88
  R3   all                    162332  0.9764   395.95   394.81     7376.4   393.04
  R3   bulk                   162109  0.9186   205.49   203.75     6821.7   200.41
  R3   NM_present_excl_LIRF   149700  0.9253   201.50   201.02     6045.5   197.47
  S1   all                    190713  0.9854   632.30   628.15    11615.8   627.92
  S1   bulk                   190057  0.9148   248.05   244.91    10337.9   241.18
  S1   NM_present_excl_LIRF   171901  0.9323   243.29   239.92     7909.5   237.49
  W1   all                    143732  0.9785   470.94   471.40     9538.3   468.63
  W1   bulk                   142969  0.9169   209.81   212.16     7393.6   206.56
  W1   NM_present_excl_LIRF   131977  0.9399   230.06   233.86     6446.8   228.47
  S1c  all                    190713  0.9814   637.23   632.68    15023.5   631.99
  S1c  bulk                   190057  0.8920   257.39   250.02    13923.9   246.78
  S1c  NM_present_excl_LIRF   171901  0.9190   249.29   244.81     9900.6   242.00
  W1c  all                    143732  0.9605   486.95   486.24    18676.0   481.77
  W1c  bulk                   142969  0.8391   232.78   234.44    17544.9   224.03
  W1c  NM_present_excl_LIRF   131977  0.9144   256.08   250.40    10952.3   247.79
wrote research/day-06/eda/diversity_E029.json
